       6.3430000
     -0.97200000
      -6.1280000
      -5.3240000
      -1.7060000
      -6.5510000
       3.9800000
       1.5580000
       6.1650000
      -1.4730000
      -1.4800000
       1.4720000
      -2.7240000
      -1.1750000
       8.2260000
       2.0420000
       4.7180000
       2.7930000
      -5.1940000
       2.5310000
       1.0070000
      0.20800000
       5.0410000
      -5.9310000
       11.402000
      -3.0660000
       4.8010000
      -7.9210000
      0.88700000
       1.2050000
      0.72500000
      0.41300000
       2.6370000
       8.0700000
     -0.41200000
      0.41400000
      -1.8070000
      -2.3460000
      0.35900000
      -3.0000000
       5.4060000
       5.5630000
       5.2410000
       11.420000
      -7.0710000
       11.568000
       7.8300000
       3.7040000
     -0.29900000
       7.9670000
      -4.3750000
       1.2090000
      -3.6790000
       1.0030000
      -2.9570000
      -1.6950000
     -0.13200000
      -4.3440000
       4.5910000
       2.1960000
      -8.2980000
      -2.5590000
     0.081000000
       1.3790000
       1.2370000
      -2.5600000
       2.9730000
      0.77000000
       2.5070000
      -1.4220000
      0.69400000
      -1.7710000
      -2.0730000
      -1.2000000
       2.8680000
      -1.7730000
       12.991000
       3.9890000
      -7.3670000
       7.6820000
      -3.2920000
     -0.31500000
      -10.032000
       1.4770000
      -3.6770000
       4.0900000
      -9.0930000
       4.7840000
      -7.3140000
       1.8120000
     -0.81100000
       3.1570000
       1.8100000
      -7.0780000
      -1.6040000
      0.91700000
      -2.3510000
       1.9420000
       5.3560000
       1.8820000
      -5.3500000
       7.6170000
       2.1110000
       7.8990000
      -3.4050000
       8.8860000
       8.8890000
       1.2050000
     -0.19600000
      -1.5670000
      -2.1430000
     -0.35900000
      -1.8460000
      -1.5590000
       7.7060000
       5.4040000
       5.9540000
      -1.5930000
       11.577000
      0.89900000
      -1.2470000
      -1.6010000
       2.5040000
     -0.92400000
      0.83100000
       3.9010000
      -4.0830000
       2.6840000
      -6.0490000
       3.1600000
       5.8960000
       3.5800000
       7.6050000
      0.58100000
       7.5400000
       7.6500000
       3.5440000
      -5.3480000
      -7.1970000
      0.61400000
      -2.6230000
      -3.0980000
      -9.5090000
     -0.37700000
      -12.176000
      -4.5710000
       1.3720000
      -1.1610000
      -12.447000
      0.24600000
       2.8380000
      -2.3690000
      0.46700000
      -3.5150000
      -2.0360000
      -9.5770000
      -4.5060000
       3.3920000
      -8.3730000
      -6.9650000
       1.0990000
       7.0480000
      -1.6440000
      0.81800000
      -3.7150000
       8.2470000
      -10.974000
       3.9380000
       2.7250000
      -1.7260000
       1.4200000
     -0.47200000
       4.5260000
      -2.0480000
      -3.1610000
      0.76100000
       4.9670000
      -3.4570000
     -0.12600000
       3.4490000
      -1.9160000
      -2.7900000
      -4.5780000
       1.2570000
      -5.2150000
      -1.9860000
      0.11000000
      -7.7060000
      -10.191000
      -2.1970000
       3.0560000
      -1.7270000
      -1.5270000
       9.7420000
       3.8320000
      -8.3450000
       3.1060000
      -1.6760000
       5.4730000
      -4.6820000
      -5.7040000
      -2.5580000
       5.3540000
      -9.8380000
       2.2890000
      -1.0760000
      -1.2180000
       10.015000
       4.2500000
      0.56000000
       2.0120000
       2.0530000
       4.0680000
       3.9550000
       8.8390000
       5.3460000
       3.5730000
      0.39200000
     -0.60200000
       3.2020000
      0.15000000
      -10.857000
       4.4150000
       3.0030000
       3.2950000
      -1.3280000
       2.5720000
      -2.4620000
       4.6750000
       10.154000
       5.8540000
      -5.9430000
      -3.4840000
       5.3140000
       2.0200000
      -4.4320000
       10.955000
      0.13700000
      -6.6110000
       1.8760000
       7.2420000
       1.1630000
       6.4950000
      -1.0420000
     -0.30700000
       1.0380000
      -6.1300000
       9.7570000
      0.75000000
      0.60200000
       1.9440000
      -4.5020000
     0.060000000
      -2.1110000
      -3.1380000
     0.029000000
      -8.4060000
      -2.1800000
      -1.3460000
       4.3820000
     -0.18000000
      -8.2700000
       3.3660000
     -0.95300000
       3.1050000
      -1.6400000
       1.8130000
       5.0130000
      -8.1310000
      -1.3070000
      -4.5630000
     -0.84900000
       6.4580000
      -1.8970000
     -0.16900000
       4.0870000
      -3.4340000
       2.0430000
       8.3090000
      -3.4670000
      -6.2800000
       2.0280000
      -1.7470000
       4.2690000
       5.9120000
       2.0840000
      -8.4400000
      -1.2690000
      0.79700000
      -7.1190000
       4.6760000
      0.91100000
       4.0390000
      -2.4730000
       3.7870000
       1.2330000
       9.6990000
       3.0170000
      -2.4910000
      -1.3740000
      -1.0540000
     -0.31800000
      -12.841000
      -2.1540000
      -2.5520000
      -1.0930000
      -4.4710000
      -1.0630000
       2.0250000
       1.3270000
       2.5600000
      0.46800000
      -2.3750000
       2.2170000
      -8.2800000
      -3.3630000
      -4.1280000
      -3.3550000
       3.4060000
       3.1400000
     -0.99600000
       2.6590000
       5.4690000
       5.0030000
       2.2830000
       5.3370000
       2.4050000
     -0.75400000
      -3.3450000
       3.7620000
       10.741000
       4.4520000
       3.1230000
      0.24800000
      -8.4950000
       8.9370000
       8.3020000
      -1.9300000
     -0.18400000
     -0.93200000
      -1.2920000
      -10.232000
      -3.1490000
      -6.8860000
      0.28500000
       6.5880000
      -3.8690000
       7.7380000
      0.54800000
       6.0060000
       6.7940000
       7.6410000
      -8.6720000
       2.8900000
      -2.7350000
       3.2170000
       6.2950000
       6.5380000
       6.8200000
      -11.304000
     -0.25700000
      -1.7060000
       10.132000
      -4.9630000
     0.095000000
      0.53500000
      -6.6860000
       3.4700000
      -5.1830000
       3.7960000
      0.86400000
       3.7800000
       1.4800000
      -1.0410000
      -2.6670000
      -1.0330000
      -1.2490000
       12.790000
      -2.0850000
      -10.571000
      -10.255000
       13.393000
       13.220000
      -11.376000
       13.105000
       12.565000
