      -1.2000000
       3.2850000
      -4.6280000
      -2.2120000
       7.2500000
      -5.6050000
      -3.2350000
      -9.2860000
       7.3800000
      -2.7710000
     -0.94700000
       2.3730000
      -4.0670000
      -8.7990000
      -4.4080000
     -0.51800000
       2.7320000
       4.2720000
      -1.1700000
      -1.2460000
       2.4340000
      0.25100000
      -3.9290000
       3.9980000
       5.9710000
       1.3580000
     -0.12700000
      -2.2010000
       3.9450000
      -4.8040000
      -1.1480000
      -1.5530000
      -5.8990000
      -2.4170000
      0.68100000
       1.1460000
       3.3300000
       3.7050000
       1.4020000
       3.4380000
      0.70900000
       7.0810000
      -2.9480000
     -0.49500000
      -6.3390000
      -2.2590000
      0.65700000
      0.54800000
       10.401000
      -7.1190000
      -3.4850000
      -1.1060000
      0.91800000
       4.0510000
      -2.2240000
       3.5390000
      -2.3620000
       3.8300000
       1.0770000
       4.1400000
       10.341000
      -1.6430000
       2.6440000
       1.8360000
      -3.5180000
       3.0730000
       2.1060000
       3.0430000
      -9.5660000
       7.0170000
       2.2480000
       1.9340000
       3.2090000
       6.5950000
       5.4490000
       1.5740000
      -3.1660000
      -3.7300000
       1.3140000
       4.1200000
     -0.67100000
      -4.0920000
       3.7470000
       2.8350000
      0.28800000
      0.49000000
       4.3100000
       6.4440000
       1.1980000
      -5.2910000
      -8.0140000
       4.8270000
      -9.0590000
      -3.9020000
       5.5740000
      -5.0320000
      0.58300000
       4.5100000
     -0.29200000
       1.0070000
       1.5830000
      -2.1660000
     0.078000000
     -0.63400000
      -6.2870000
       2.4200000
      -6.5590000
      -8.8570000
      0.34600000
      -3.1570000
       5.9250000
       6.2870000
      0.65400000
       5.6260000
     0.082000000
       9.6040000
      -3.7480000
       6.0680000
       1.4330000
       2.0240000
      -5.6160000
     -0.27400000
       2.1050000
      -2.3790000
       6.1880000
       1.6710000
      0.56200000
      -5.1570000
       5.5260000
      0.93700000
       2.6020000
       7.3200000
     -0.32300000
       4.2030000
      -3.2280000
       3.2920000
       1.6720000
      -2.6490000
       5.2760000
      -1.0820000
      0.40900000
       5.7130000
      -2.1880000
      -2.0530000
       11.760000
       1.3160000
      -3.6660000
       6.9110000
      -4.8680000
      -7.6190000
       1.7910000
       2.6030000
      0.34700000
      -1.2540000
      -6.8640000
      -5.1300000
       1.2450000
      -6.0020000
      -6.1850000
       1.8850000
       5.5400000
      0.30200000
     -0.10400000
     -0.88700000
      -2.0540000
      -4.0800000
       3.1530000
      -7.4270000
     -0.57000000
       6.0400000
      0.85000000
       6.1100000
    -0.057000000
      -9.9620000
       2.6830000
      -2.5470000
       2.3860000
      -2.2340000
      0.29800000
       3.8520000
       3.6460000
       5.4470000
      -3.1890000
      -2.5370000
      -5.4280000
      -5.4370000
      -1.0190000
      -1.4440000
      -1.3930000
      -1.7170000
       3.5670000
      -6.4210000
      -3.8290000
      -2.6640000
       5.2200000
       2.2590000
      -2.4200000
     -0.33200000
      -2.9560000
      -2.0690000
       4.0070000
       4.0390000
      -10.396000
      -5.2630000
      -4.3130000
       5.0810000
       1.2450000
       2.8580000
      -1.3480000
      -3.9150000
      -2.5420000
      -3.8710000
       2.3370000
       3.5740000
       2.4990000
       9.7060000
       3.6220000
      -5.6690000
       1.7140000
       5.3710000
       1.5050000
       1.2630000
       2.8570000
      -2.8930000
      -3.9600000
      -2.6950000
      -3.5700000
       3.8740000
       1.3420000
      -9.1740000
      -1.8330000
       11.702000
       6.7550000
      0.64100000
      -7.3750000
       4.8880000
       2.7200000
       2.6630000
     -0.29200000
      -1.2150000
      -6.4140000
      0.51900000
       2.6070000
      -5.0960000
      -3.0210000
     -0.23900000
       2.4030000
      0.69900000
      -4.3380000
      0.49700000
     -0.46000000
       3.6270000
       2.5790000
      -1.3020000
      -3.1110000
       1.1350000
       4.2680000
      -2.8590000
      -9.2200000
      -1.7090000
       11.765000
       1.5380000
       7.3220000
      -7.3940000
       6.3200000
       1.8760000
      -5.6550000
       4.7120000
       6.0270000
       2.5230000
      -1.1130000
      -5.0780000
       2.6840000
       1.8170000
       4.9520000
       6.9810000
       2.0280000
       1.7170000
       3.4320000
      -2.4350000
       9.6800000
      -2.3930000
     -0.42600000
      -4.4710000
       6.1100000
      -1.8760000
      -1.7990000
     -0.45000000
   -0.0050000000
       11.789000
